0      0     0     nan
0.05      0.0469381     0.0951229     0.506553
0.1      0.093668     0.180967     0.482404
0.15      0.139983     0.258212     0.457877
0.2      0.185679     0.327492     0.433027
0.25      0.230558     0.3894     0.407916
0.3      0.274426     0.444491     0.382606
0.35      0.317097     0.493282     0.357168
0.4      0.358396     0.536256     0.33167
0.45      0.398154     0.573865     0.306189
0.5      0.436216     0.606531     0.280801
0.55      0.472439     0.634645     0.255585
0.6      0.506692     0.658574     0.230623
0.65      0.538859     0.67866     0.205996
0.7      0.568837     0.695219     0.181787
0.75      0.596542     0.70855     0.158081
0.8      0.6219     0.718926     0.134959
0.85      0.644859     0.726605     0.112504
0.9      0.665379     0.731825     0.0907955
0.95      0.683437     0.734808     0.0699106
1      0.699027     0.735759     0.0499238
1.05      0.712158     0.734869     0.0309055
1.1      0.722854     0.732316     0.0129216
1.15      0.731154     0.728265     0.0039675
1.2      0.737112     0.722866     0.0197075
1.25      0.740794     0.716262     0.0342506
1.3      0.742281     0.708583     0.0475567
1.35      0.741661     0.699949     0.0595936
1.4      0.739038     0.690471     0.0703377
1.45      0.734521     0.680254     0.0797746
1.5      0.72823     0.66939     0.0878998
1.55      0.720291     0.657969     0.0947185
1.6      0.710835     0.646069     0.100246
1.65      0.7     0.633765     0.10451
1.7      0.687924     0.621124     0.107547
1.75      0.67475     0.608209     0.109404
1.8      0.660619     0.595076     0.110142
1.85      0.645674     0.581778     0.109829
1.9      0.630054     0.568361     0.108545
1.95      0.613896     0.554869     0.106381
2      0.597335     0.541341     0.103435
2.05      0.580497     0.527813     0.0998156
2.1      0.563506     0.514317     0.095639
2.15      0.546476     0.500882     0.0910284
2.2      0.529517     0.487534     0.0861133
2.25      0.512728     0.474297     0.0810279
2.3      0.4962     0.461191     0.0759104
2.35      0.480016     0.448235     0.0709014
2.4      0.464248     0.435446     0.0661424
2.45      0.448959     0.422839     0.0617743
2.5      0.434203     0.410425     0.0579361
2.55      0.420024     0.398216     0.0547629
2.6      0.406455     0.386223     0.0523845
2.65      0.39352     0.374451     0.0509235
2.7      0.381234     0.36291     0.0504938
2.75      0.369605     0.351603     0.0511989
2.8      0.358629     0.340536     0.0531302
2.85      0.348297     0.329713     0.0563653
2.9      0.338591     0.319135     0.0609669
2.95      0.329488     0.308804     0.0669811
3      0.320958     0.298722     0.0744365
3.05      0.312966     0.288889     0.0833427
3.1      0.305473     0.279305     0.0936895
3.15      0.298436     0.269968     0.105447
3.2      0.291809     0.260878     0.118563
3.25      0.285544     0.252032     0.132965
3.3      0.279593     0.243429     0.14856
3.35      0.273906     0.235065     0.165234
3.4      0.268434     0.226938     0.182851
3.45      0.263129     0.219045     0.201258
3.5      0.257945     0.211382     0.220281
3.55      0.252837     0.203945     0.239732
3.6      0.247764     0.196731     0.259406
3.65      0.242687     0.189735     0.279085
3.7      0.237573     0.182954     0.298541
3.75      0.232392     0.176383     0.317539
3.8      0.227116     0.170018     0.335836
3.85      0.221725     0.163854     0.353188
3.9      0.216203     0.157887     0.369353
3.95      0.210537     0.152112     0.384093
4      0.204722     0.146525     0.397178
4.05      0.198754     0.141121     0.40839
4.1      0.192636     0.135896     0.417527
4.15      0.186376     0.130845     0.424406
4.2      0.179984     0.125963     0.428868
4.25      0.173476     0.121246     0.43078
4.3      0.166871     0.11669     0.430039
4.35      0.160189     0.112289     0.426576
4.4      0.153456     0.108041     0.420358
4.45      0.146699     0.103939     0.411392
4.5      0.139946     0.099981     0.399726
4.55      0.133227     0.0961616     0.38545
4.6      0.126573     0.0924769     0.368699
4.65      0.120015     0.0889229     0.349654
4.7      0.113584     0.0854956     0.32854
4.75      0.107311     0.0821911     0.305629
4.8      0.101225     0.0790056     0.281233
4.85      0.0953526     0.0759353     0.25571
4.9      0.0897212     0.0729765     0.229453
4.95      0.0843538     0.0701257     0.202893
5      0.0792715     0.0673795     0.176493
5.05      0.0744924     0.0647343     0.150741
5.1      0.0700316     0.0621868     0.126149
5.15      0.0659009     0.0597339     0.103241
5.2      0.0621084     0.0573723     0.0825517
5.25      0.0586592     0.0550989     0.0646151
5.3      0.0555543     0.0529109     0.0499586
5.35      0.0527914     0.0508052     0.0390944
5.4      0.0503649     0.0487791     0.0325099
5.45      0.0482655     0.0468297     0.0306598
5.5      0.046481     0.0449545     0.0339562
5.55      0.0449959     0.0431508     0.0427602
5.6      0.0437922     0.0414161     0.0573726
5.65      0.0428493     0.0397479     0.0780251
5.7      0.0421443     0.038144     0.104873
5.75      0.0416525     0.036602     0.137985
5.8      0.0413478     0.0351196     0.177341
5.85      0.0412027     0.0336948     0.22282
5.9      0.0411892     0.0323254     0.274202
5.95      0.0412785     0.0310095     0.331157
6      0.0414422     0.029745     0.393249
6.05      0.041652     0.0285301     0.459929
6.1      0.0418802     0.027363     0.530541
6.15      0.0421004     0.0262418     0.604323
6.2      0.0422873     0.0251649     0.680406
6.25      0.0424176     0.0241307     0.757827
6.3      0.0424695     0.0231374     0.835534
6.35      0.0424239     0.0221837     0.912393
6.4      0.0422638     0.0212679     0.987206
6.45      0.0419746     0.0203887     1.05872
6.5      0.0415449     0.0195447     1.12563
6.55      0.0409656     0.0187345     1.18664
6.6      0.0402308     0.0179569     1.24041
6.65      0.0393373     0.0172105     1.28566
6.7      0.038285     0.0164942     1.32111
6.75      0.0370762     0.0158069     1.34557
6.8      0.0357162     0.0151473     1.35792
6.85      0.0342128     0.0145145     1.35714
6.9      0.0325761     0.0139074     1.34235
6.95      0.0308186     0.013325     1.31283
7      0.0289545     0.0127663     1.26804
7.05      0.0270001     0.0122305     1.20761
7.1      0.0249728     0.0117165     1.13142
7.15      0.0228914     0.0112236     1.03958
7.2      0.0207755     0.0107508     0.932451
7.25      0.0186453     0.0102975     0.810659
7.3      0.0165214     0.00986287     0.675114
7.35      0.0144243     0.00944611     0.527009
7.4      0.0123741     0.00904654     0.367827
7.45      0.0103904     0.00866348     0.199337
7.5      0.00849198     0.00829627     0.0235907
7.55      0.00669632     0.00794426     0.157088
7.6      0.00501962     0.00760686     0.340119
7.65      0.00347649     0.00728348     0.522688
7.7      0.00207973     0.00697354     0.701769
7.75      0.000840185     0.00667651     0.874158
7.8      0.000233358     0.00639187     1.03651
7.85      0.00113432     0.00611911     1.18537
7.9      0.00185836     0.00585775     1.31725
7.95      0.00240344     0.00560733     1.42863
8      0.00276985     0.0053674     1.51605
8.05      0.0029601     0.00513754     1.57617
8.1      0.00297897     0.00491733     1.60581
8.15      0.00283334     0.00470639     1.60202
8.2      0.00253212     0.00450432     1.56215
8.25      0.00208607     0.00431077     1.48392
8.3      0.00150769     0.00412538     1.36547
8.35      0.000810959     0.00394782     1.20542
8.4      1.11883e-05     0.00377777     1.00296
8.45      0.000875232     0.00361492     0.757883
8.5      0.00183106     0.00345896     0.470633
8.55      0.00283844     0.00330962     0.142366
8.6      0.00387917     0.00316662     0.22502
8.65      0.00493494     0.00302969     0.628856
8.7      0.00598756     0.00289859     1.06568
8.75      0.00701925     0.00277307     1.53122
8.8      0.00801286     0.0026529     2.02041
8.85      0.00895208     0.00253786     2.52742
8.9      0.00982164     0.00242772     3.04562
8.95      0.0106076     0.0023223     3.56771
9      0.0112973     0.00222138     4.08571
9.05      0.0118798     0.00212478     4.59108
9.1      0.0123459     0.00203232     5.07477
9.15      0.012688     0.00194382     5.52734
9.2      0.0129006     0.00185912     5.93908
9.25      0.0129801     0.00177807     6.30015
9.3      0.0129249     0.00170049     6.6007
9.35      0.0127352     0.00162625     6.83102
9.4      0.0124133     0.00155521     6.98177
9.45      0.0119634     0.00148723     7.04407
9.5      0.0113913     0.00142218     7.00973
9.55      0.0107047     0.00135994     6.87143
9.6      0.00991277     0.00130039     6.62291
9.65      0.00902611     0.00124341     6.25913
9.7      0.00805659     0.0011889     5.7765
9.75      0.00701714     0.00113675     5.17301
9.8      0.0059216     0.00108685     4.4484
9.85      0.00478447     0.00103912     3.60434
9.9      0.0036207     0.000993459     2.64454
9.95      0.00244555     0.00094978     1.57486
